39
0.0855293 -0.545856 0.0207195 0.0708756
0.0931307 -0.410333 0.0476078 0.0816061
0.354395 0.204765 -0.0273401 0.0399192
0.486661 0.215501 -0.0373137 0.0365206
0.695919 0.207208 -0.0193064 0.0179238
0.671226 0.211374 -0.0357394 0.0188652
0.0802915 0.163027 -0.0202283 0.094282
0.165277 0.209163 -0.0161402 0.0560988
0.0797617 -0.23655 0.00717528 0.108097
0.0452114 -0.105107 0.0356014 0.0949043
-0.0117423 -0.289076 -0.100709 0.0175402
0.0968414 -0.315298 0.0186882 0.101345
0.104875 -1.09532 0.0591376 0.0263161
0.0953541 -1.02677 -0.0376784 0.026013
0.104844 -1.08599 -0.0563212 0.0251812
0.0989847 -0.751632 -0.0306298 0.0557188
-0.00252563 -0.0865367 0.0563667 0.10192
-0.00107349 0.4505 0.00756203 0.0843099
0.00249371 0.388961 0.0463141 0.0582498
-0.00101285 0.260779 -0.0148576 0.0516408
-0.0859542 -0.605968 0.00990785 0.0633853
-0.0981991 -0.703187 -0.018726 0.0528394
-0.0881596 0.166802 -0.0242572 0.0882652
-0.043766 0.05577 -0.000504592 0.10428
-0.00260144 0.350234 0.0156228 0.0487459
0.0360406 0.0749486 0.0137931 0.116152
-0.0915622 -0.399645 0.0324583 0.0949537
-0.0995171 -0.819264 -0.0373231 0.0537937
-0.391412 0.20558 -0.0326282 0.0401383
-0.0684634 0.0815629 0.0647069 0.0757401
-0.0536288 -0.104217 0.0286241 0.0906671
-0.170921 0.205755 -0.0189416 0.0587133
-0.683733 0.20544 -0.0235469 0.0188133
-0.668425 0.209647 -0.0395109 0.0199338
-0.085892 -0.270561 0.00416197 0.107726
0.00449868 -0.182939 0.0380208 0.12933
-0.101112 -0.993738 -0.0300033 0.0265573
-0.100383 -1.09417 0.0463902 0.0303258
-0.10078 -1.08401 -0.0425592 0.027763
12 13 
13 14
14 12
8 10
10 34
34 8
16 23 
13 30
30 16
23 25 
25 29
29 23
19 22 
22 23
23 19
9 16 
16 35
35 9
16 30 
30 35
35 16
16 23 
23 25
25 16
10 30 
30 35
35 10
8 34 
34 35
35 8
10 26 
26 34
34 10
19 25 
25 29
29 19
0 8 
8 10
10 0
0 10 
10 11
11 0
19 22 
22 29
29 19
0 1 
1 8
8 0
17 18 
18 24
24 17
8 10 
10 35
35 8
1 8 
8 11
11 1
6 19 
19 23
23 6
6 19 
19 25
25 6
36 37 
37 38
38 36
9 16 
16 25
25 9
8 9 
9 35
35 8
6 7 
7 19
19 6
27 36 
36 38
38 27
16 30 
30 34
34 16
0 1 
1 11
11 0
10 30 
30 34
34 11
8 10 
10 11
11 8
22 23 
23 29
29 23
16 34 
34 35
35 16
6 23 
13 25
25 6
20 26
21 27
0 15
28 31
28 33
20 21
2 7
13 15
19 24
32 33
3 5
22 31
2 3
4 5
